n	int	float
1000	95	54
2000	28	33
3000	21	51
4000	30	60
5000	34	82
6000	35	128
7000	40	143
8000	46	178
9000	59	196
10000	59	234
11000	66	297
12000	74	336
13000	81	349
14000	88	407
15000	97	461
16000	103	468
17000	112	501
18000	122	556
19000	130	663
20000	139	640
21000	148	659
22000	155	865
23000	167	937
24000	177	935
25000	188	941
26000	196	979
27000	206	1177
28000	218	1144
29000	227	1173
30000	239	1273
31000	257	1343
32000	272	1335
33000	273	1371
34000	283	1419
35000	305	1606
36000	311	1557
37000	317	1491
38000	331	1741
39000	339	1804
40000	363	1736
41000	370	1771
42000	376	1801
43000	398	2366
44000	402	2316
45000	420	2458
46000	428	2526
47000	446	2706
48000	466	2518
49000	480	2948
50000	490	2552
51000	533	3047
52000	532	2739
53000	589	3106
54000	582	3237
55000	642	3523
56000	643	3296
57000	665	3730
58000	644	3288
59000	674	3916
60000	680	3581
61000	692	3945
62000	714	3771
63000	743	4048
64000	735	3819
65000	752	4688
66000	760	3909
67000	809	4368
68000	803	4071
69000	811	4460
70000	841	4463
71000	857	4838
72000	871	4520
73000	916	5022
74000	850	4299
75000	863	5185
76000	888	5022
77000	1128	5367
78000	973	5072
79000	981	5325
80000	941	4860
81000	950	5718
82000	1000	4842
83000	1001	5423
84000	1069	4981
85000	1054	5489
86000	1093	6900
87000	1061	6684
88000	1090	6555
89000	1167	6903
90000	1225	7111
91000	1196	7254
92000	1220	7101
93000	1239	7185
94000	1242	7723
95000	1285	7598
96000	1258	7112
97000	1294	7864
98000	1276	8088
99000	1297	7253
100000	1307	6997
101000	1331	7164
102000	1362	7842
103000	1374	7759
104000	1396	7613
105000	1410	7945
106000	1423	8060
107000	1442	8861
108000	1461	8700
109000	1463	8756
110000	1502	9129
111000	1518	8818
112000	1528	8629
113000	1546	9406
114000	1565	9678
115000	1578	9062
116000	1628	8692
117000	1631	8816
118000	1662	10021
119000	1820	9750
120000	1710	9644
121000	1709	10138
122000	1742	10196
123000	1755	10388
124000	1787	10036
125000	1801	10241
126000	1828	10752
127000	1842	10375
128000	1855	9952
129000	1891	12788
130000	1897	12400
131000	2145	15047
132000	1933	10328
133000	1953	10821
134000	1981	11424
135000	1993	11991
136000	2052	10720
137000	2065	12141
138000	2104	11588
139000	2106	13660
140000	2141	11783
141000	2151	13185
142000	2159	16579
143000	2566	13365
144000	2191	11896
145000	2240	13451
146000	2252	12991
147000	2273	14116
148000	2288	11580
149000	2338	12472
150000	2345	14137
151000	2368	14690
152000	2395	13311
153000	2411	14510
154000	2443	14035
155000	2466	15948
156000	2489	13803
157000	2493	14397
158000	2519	14455
159000	2547	15076
160000	2561	13483
161000	2571	16224
162000	2597	15735
163000	2645	16850
164000	2654	13606
165000	2683	14270
166000	2699	15058
167000	2719	15727
168000	2760	13895
169000	2772	15221
170000	2787	15044
171000	2811	18537
172000	2847	18402
173000	2877	17299
174000	2902	17825
175000	2937	18073
176000	2949	17548
177000	2976	18270
178000	3010	18564
179000	3031	19310
180000	3062	18791
181000	3083	16724
182000	3109	18983
183000	3127	19027
184000	3131	18921
185000	3160	19222
186000	3194	19095
187000	3237	20690
188000	3303	20282
189000	3340	19239
190000	3366	20136
191000	3361	19847
192000	3373	19046
193000	3380	21305
194000	3416	21580
195000	3425	22402
196000	3435	21902
197000	3473	18254
198000	3541	20000
199000	4334	23412
200000	3638	19266
201000	3641	19289
202000	3615	19571
203000	3667	22112
204000	3703	21430
205000	3772	19775
206000	3724	25531
207000	5070	21796
208000	3825	21595
209000	3845	21465
210000	3874	21703
211000	4259	22738
212000	3887	21846
213000	3922	19212
214000	3940	23631
215000	3974	24896
216000	4007	27652
217000	4198	25618
218000	4067	23782
219000	4159	26911
220000	4189	24593
221000	4118	25508
222000	4150	24005
223000	4165	27694
224000	4197	23429
225000	4232	32990
226000	4233	25372
227000	4246	27393
228000	4280	26330
229000	4331	27232
230000	4342	24444
231000	4366	25537
232000	4413	23658
233000	4429	26562
234000	4809	24841
235000	4473	28822
236000	4653	30136
237000	5648	28156
238000	4583	26353
239000	4616	27081
240000	4626	25877
241000	4684	29189
242000	4724	28643
243000	6224	29568
244000	4752	27335
245000	4787	28930
246000	4813	27888
247000	4850	28967
248000	4881	29343
249000	4956	29647
250000	4949	27287
251000	4998	34609
252000	4978	28780
253000	5018	29945
254000	5053	27740
255000	5064	30157
256000	5093	26726
257000	5144	33397
258000	5147	33604
259000	5174	34080
260000	5196	32943
261000	5216	33063
262000	5262	35523
263000	5296	28951
264000	5295	27940
265000	5340	29221
266000	5396	29305
267000	5417	31815
268000	5443	30554
269000	5449	31247
270000	5910	32388
271000	5528	29967
272000	5578	28973
273000	5636	31545
274000	5642	31401
275000	5651	32244
276000	5833	31484
277000	5753	31288
278000	5758	36234
279000	5809	32758
280000	5821	31354
281000	5838	32937
282000	5870	33011
283000	7674	40002
284000	5914	33076
285000	5953	33187
286000	5971	35412
287000	6016	33017
288000	6080	31736
289000	6090	35770
290000	6164	35706
291000	6168	35757
292000	6204	34612
293000	6233	34613
294000	6187	40996
295000	6209	32262
296000	6229	30846
297000	6253	32406
298000	6312	33183
299000	6329	41467
300000	6384	37587
301000	6430	38792
302000	6422	38932
303000	6460	40352
304000	6492	35311
305000	6512	39808
306000	6570	38526
307000	6753	41539
308000	6656	37193
309000	6662	38673
310000	6705	46793
311000	6717	43516
312000	6838	37032
313000	6775	39517
314000	6857	38058
315000	6830	42309
316000	6849	38229
317000	6874	39593
318000	6909	39754
319000	6904	41070
320000	6943	35502
321000	6963	42499
322000	7058	42524
323000	7037	45370
324000	7164	40921
325000	7158	42420
326000	7182	43922
327000	7190	45961
328000	7220	36027
329000	7276	39198
330000	7301	37670
331000	7334	43894
332000	7375	39403
333000	7352	40950
334000	7464	41113
335000	7460	42657
336000	7458	36377
337000	7480	41266
338000	7569	39631
339000	7576	42888
340000	7604	38322
341000	8782	39807
342000	7641	48192
343000	7844	48025
344000	7727	50850
345000	7760	43643
346000	7783	43692
347000	7864	46988
348000	7925	45345
349000	7941	43754
350000	7995	45580
351000	7991	48423
352000	8041	46729
353000	8091	48419
354000	8091	48434
355000	8295	50271
356000	8162	48572
357000	8164	48060
358000	8169	53126
359000	8242	50809
360000	8278	53198
361000	8940	43926
362000	8340	44123
363000	9195	51172
364000	11902	52183
365000	8469	47638
366000	8445	49436
367000	8443	50568
368000	8491	48692
369000	9161	51113
370000	8540	48786
371000	8677	50730
372000	8717	48906
373000	8875	47825
374000	8868	53118
375000	8808	57334
376000	8862	51970
377000	8873	48526
378000	8939	48428
379000	8929	52110
380000	8987	50394
381000	9025	48575
382000	9156	50507
383000	9136	50569
384000	9120	48640
385000	9116	59977
386000	9147	54683
387000	9165	58279
388000	9173	54593
389000	9189	56396
390000	9216	56436
391000	9227	58665
392000	9438	60145
393000	9412	59563
394000	9362	45436
395000	9376	53228
396000	9434	49378
397000	10864	52108
398000	9527	52772
399000	9693	54866
400000	9617	53378
401000	10042	56834
402000	9768	50909
403000	9670	59527
404000	9685	50941
405000	9792	53080
406000	9862	57281
407000	9867	59438
408000	9891	55694
409000	9925	59768
410000	9920	51369
411000	9944	57724
412000	10026	53567
413000	9991	55760
414000	10067	53747
415000	10202	56190
416000	10234	51992
417000	10279	60497
418000	10299	54160
419000	10293	58657
420000	10313	58944
421000	10320	56842
422000	10409	57735
423000	10383	60154
424000	10446	55536
425000	10478	60018
426000	10484	49098
427000	10498	62427
428000	10534	60211
429000	10560	60284
430000	10583	62411
431000	10632	60372
432000	10790	58223
433000	10753	62732
434000	10788	62823
435000	10767	60672
436000	10790	58449
437000	10858	58480
438000	10980	65231
439000	10978	63064
440000	11018	60810
441000	11110	63000
442000	11050	63061
443000	11086	60902
444000	11083	58807
445000	11105	63910
446000	11118	66385
447000	11217	63922
448000	11229	61639
449000	11314	71562
450000	11340	71597
451000	11424	69487
452000	11359	66650
453000	11369	66650
454000	11365	72039
455000	11416	69424
456000	11410	66919
457000	11448	68633
458000	11546	68698
459000	11671	63803
460000	11650	61568
461000	11802	61548
462000	11678	63921
463000	11693	61700
464000	11789	59617
465000	11810	64188
466000	11823	64212
467000	11847	61789
468000	11893	59843
469000	11905	61174
470000	11919	73746
471000	12071	76281
472000	12141	68978
473000	12153	73805
474000	12188	71331
475000	12207	78888
476000	12222	66801
477000	12282	69006
478000	12290	68940
479000	12308	71544
480000	12353	64157
481000	12519	74135
482000	12408	71805
483000	12480	76770
484000	12521	66877
485000	12563	69395
486000	12615	71977
487000	12653	74494
488000	12676	67433
489000	12706	72275
490000	12893	69737
491000	12758	82359
492000	12794	68922
493000	12849	71281
494000	12886	71419
495000	12967	73976
496000	12993	66277
497000	12992	73992
498000	13048	71452
499000	13101	76756
500000	13234	67909
501000	13120	69162
502000	13179	74402
503000	13205	77056
504000	13220	69319
505000	13279	74366
506000	13323	71839
507000	13475	79678
508000	13495	66730
509000	13541	74441
510000	13663	69616
511000	13523	72131
512000	13660	69525
513000	13583	84139
514000	13636	80085
515000	13659	86959
516000	13689	84266
517000	13712	79007
518000	13749	84301
519000	13820	84398
520000	14038	81789
521000	13910	81779
522000	13907	82241
523000	13964	89989
524000	14003	87340
525000	14001	67823
526000	14053	70530
527000	14051	70481
528000	14090	67921
529000	14117	79887
530000	14368	70599
531000	14229	73383
532000	14323	70635
533000	14354	65650
534000	14416	76285
535000	14401	76232
536000	14434	73611
537000	14471	73773
538000	14465	73974
539000	14614	83657
540000	14605	80640
541000	14631	71876
542000	14713	74917
543000	14770	74817
544000	14814	72060
545000	14980	78074
546000	14908	78049
547000	14898	80923
548000	14924	78132
549000	15099	72416
550000	14966	78367
551000	14960	78306
552000	15108	75661
553000	15134	75579
554000	15224	75566
555000	15258	93728
556000	15255	87638
557000	15382	90539
558000	15415	78700
559000	15592	81871
560000	15436	75878
561000	15447	84979
562000	15465	80897
563000	15502	87056
564000	15542	80759
565000	15575	84250
566000	15668	83930
567000	15659	86903
568000	15670	80977
569000	15879	87195
570000	15740	81121
571000	15790	90173
572000	15777	84224
573000	15844	87556
574000	15977	78359
575000	15971	81833
576000	16063	75483
577000	16186	90503
578000	16194	84573
579000	16478	90485
580000	16325	84795
581000	16340	87738
582000	16320	84620
583000	16388	87550
584000	16399	81535
585000	16465	88359
586000	16467	84493
587000	16376	97029
588000	16581	90942
589000	16398	94079
590000	16413	78462
591000	16436	81649
592000	16473	75389
593000	16481	84930
594000	16587	78753
595000	16597	85453
596000	16667	78861
597000	16661	82093
598000	16857	97870
599000	16779	91552
600000	16791	88366
601000	16929	91524
602000	16970	91684
603000	16988	99117
604000	18357	92250
605000	17029	91854
606000	17022	95082
607000	17087	85813
608000	17366	82956
609000	17208	95406
610000	17204	95408
611000	17305	95560
612000	17362	92256
613000	17496	92549
614000	17611	98846
615000	17573	92419
616000	17569	89174
617000	17592	92500
618000	17747	92540
619000	17658	102524
620000	17676	99231
621000	17711	99221
622000	17700	103055
623000	17777	94576
624000	18056	88666
625000	18065	92933
626000	17996	93030
627000	18022	93070
628000	18076	89742
629000	17979	94382
630000	22637	99836
631000	18572	97758
632000	18283	95014
633000	18313	97531
634000	18302	97324
635000	18206	99690
636000	18366	97708
637000	18670	97314
638000	20008	101244
639000	18376	90123
640000	20894	90970
641000	18500	109839
642000	18500	103310
643000	19212	115229
644000	18700	101391
645000	18710	104954
646000	18833	108339
647000	19319	110919
648000	18782	96831
649000	19864	105740
650000	19016	103395
651000	20379	115668
652000	19171	105042
653000	19869	114422
654000	19094	113580
655000	19146	113704
656000	19124	86324
657000	19350	95715
658000	19273	96041
659000	19860	98943
660000	19362	88550
661000	19527	97251
662000	19704	107677
663000	19854	107019
664000	23658	92645
665000	19559	103825
666000	19576	95747
667000	20591	115872
668000	19616	95816
669000	19523	103663
670000	19589	99819
671000	21543	106225
672000	19637	85397
673000	19695	99706
674000	19707	96107
675000	19871	103098
676000	19890	92618
677000	20025	96376
678000	20061	99972
679000	20084	108225
680000	20288	90930
681000	20110	96594
682000	20159	93100
683000	20237	114088
684000	20226	110541
685000	20371	107002
686000	20543	110660
687000	20287	115715
688000	20254	107097
689000	20286	100270
690000	20274	100272
691000	20309	103783
692000	20307	100308
693000	20330	97190
694000	20498	107505
695000	20550	108015
696000	20735	104240
697000	20799	100955
698000	20804	101056
699000	20865	107871
700000	20840	104618
701000	20859	101278
702000	20862	105262
703000	20899	119322
704000	20932	109620
705000	20968	113835
706000	21024	113549
707000	20996	119823
708000	21178	113659
709000	21417	109588
710000	21434	117950
711000	21460	121424
712000	21467	113862
713000	21498	109829
714000	21494	114160
715000	21471	121606
716000	21651	118076
717000	21761	114081
718000	22059	118084
719000	21896	118017
720000	21908	114361
721000	21950	107087
722000	21986	106925
723000	22065	106677
724000	22119	102714
725000	22085	104375
726000	22092	123223
727000	24476	128097
728000	21962	118674
729000	21978	128733
730000	22015	114601
731000	22200	132406
732000	22083	119367
733000	22120	123233
734000	22142	118863
735000	22316	123388
736000	22322	115404
737000	22322	132053
738000	22380	120169
739000	22450	124585
740000	22412	115676
741000	22566	119774
742000	22763	120075
743000	22958	124209
744000	22951	115806
745000	23031	124284
746000	22899	112490
747000	22965	132587
748000	23047	125518
749000	23004	134341
750000	22986	128320
751000	23162	132896
752000	23068	123995
753000	23320	137207
754000	23143	115752
755000	23337	124357
756000	23472	115652
757000	23480	120152
758000	23508	124366
759000	23619	129298
760000	23661	120141
761000	23678	128961
762000	23727	115962
763000	23695	128936
764000	23746	120241
765000	23869	129794
766000	23665	120919
767000	23682	124459
768000	23702	117611
769000	23756	142057
770000	23724	141935
771000	23760	133286
772000	25027	129026
773000	24134	130906
774000	23823	139700
775000	23968	135465
776000	24037	131223
777000	24080	135387
778000	24124	135415
779000	24162	140626
780000	24195	135480
781000	24599	144981
782000	24202	139862
783000	24220	135617
784000	24250	131636
785000	24138	140814
786000	24178	139970
787000	24204	113847
788000	24227	109512
789000	24278	109509
790000	24253	127060
791000	24287	122839
792000	24413	119008
793000	24469	122879
794000	24782	123050
795000	24761	123524
796000	24771	125094
797000	24793	125433
798000	24908	129866
799000	25012	125092
800000	24943	120376
801000	25094	135323
802000	25175	134566
803000	25471	125282
804000	25429	120867
805000	25314	121237
806000	25371	130077
807000	25351	125448
808000	25371	120632
809000	25558	125486
810000	25680	125356
811000	25706	153665
812000	26038	134859
813000	25836	139675
814000	26003	139927
815000	26047	144634
816000	26029	130510
817000	26065	144645
818000	26408	140198
819000	26071	149600
820000	26113	120966
821000	26159	125683
822000	26117	134908
823000	26258	139856
824000	26179	127009
825000	26093	135287
826000	26191	130628
827000	26202	144399
828000	26233	125857
829000	26448	130760
830000	26515	131510
831000	26551	135377
832000	26576	121554
833000	26785	145101
834000	26831	140196
835000	26881	149602
836000	26863	132442
837000	26921	131348
838000	26981	135840
839000	26958	140460
840000	26971	126730
841000	26979	136070
842000	27005	132338
843000	27020	152356
844000	26930	133401
845000	31501	141484
846000	27005	143158
847000	27039	142881
848000	27052	129981
849000	28942	151923
850000	31989	138125
851000	27294	147387
852000	27325	117808
853000	27601	119735
854000	27510	145397
855000	31149	143241
856000	27673	139833
857000	27634	138541
858000	27664	138762
859000	27682	148449
860000	27759	147971
861000	29619	139315
862000	27791	138743
863000	27847	138783
864000	27687	142574
865000	27801	143532
866000	27786	144508
867000	27815	148184
868000	27798	143538
869000	27827	129664
870000	27887	142796
871000	27891	139420
872000	27932	135716
873000	28254	134740
874000	28192	134827
875000	28174	153471
876000	28176	148777
877000	28201	139752
878000	28553	145117
879000	28670	144212
880000	28647	139725
881000	28694	144230
882000	28710	144296
883000	28520	148801
884000	29220	148369
885000	28593	125667
886000	28627	139657
887000	28629	139705
888000	28630	135762
889000	28641	135811
890000	29101	148874
891000	32031	166007
892000	28909	153854
893000	28967	143738
894000	29042	148946
895000	29048	149569
896000	29101	143375
897000	29834	175203
898000	29882	164833
899000	29948	175133
900000	30050	168403
901000	30046	170093
902000	30047	159464
903000	29822	164594
904000	29841	154003
905000	29837	171460
906000	29877	153953
907000	29825	179628
908000	29902	169538
909000	29893	169884
910000	29924	163645
911000	29972	164978
912000	30104	154435
913000	30072	174070
914000	30231	163497
915000	30233	179019
916000	31199	163342
917000	30332	169598
918000	30563	152358
919000	30518	157911
920000	30555	146884
921000	30408	158631
922000	30450	146951
923000	30270	163094
924000	30290	152407
925000	30280	158137
926000	30374	147792
927000	30422	152571
928000	30462	141684
929000	30532	163586
930000	30536	152679
931000	30777	163877
932000	31006	153004
933000	30781	167581
934000	30813	152332
935000	30758	156402
936000	30877	147530
937000	30883	160843
938000	30977	150096
939000	30995	183173
940000	31039	177265
941000	30977	181302
942000	30883	187997
943000	31076	171205
944000	31445	169747
945000	31585	178495
946000	31564	184833
947000	31870	186382
948000	31647	171209
949000	35904	171504
950000	31671	188547
951000	31890	166505
952000	32725	163540
953000	31949	165952
954000	31983	165875
955000	32032	171749
956000	33648	177797
957000	36592	170249
958000	32096	171701
959000	32087	160225
960000	32123	152885
961000	32222	175887
962000	32114	174853
963000	32031	174986
964000	32035	169473
965000	32191	181247
966000	32131	181291
967000	32176	165609
968000	32207	158180
969000	32213	167591
970000	32690	168764
971000	32666	180522
972000	32721	174881
973000	32660	170017
974000	32712	175742
975000	32717	168959
976000	32762	164714
977000	32890	175245
978000	32801	170157
979000	32865	170200
980000	32963	164997
981000	32753	165377
982000	32740	192261
983000	32743	200453
984000	32834	161364
985000	32782	172874
986000	33456	171628
987000	37767	188519
988000	32985	167171
989000	33125	178607
990000	33523	175843
991000	33450	187985
992000	33577	156267
993000	33587	178682
994000	33627	173034
995000	33712	185127
996000	33691	167574
997000	33745	173064
998000	33825	178984
999000	33755	184453
1000000	33836	157245
